0.00100
0.510839
0.998458
1.48608
1.96209
2.4381
2.90249
3.3785
3.85451
4.31891
4.78331
5.25932
5.73533
6.19973
6.66413
7.12853
7.58132
8.0341
8.4985
8.9629
9.41569
9.86848
10.3329
10.7857
11.2385
11.6912
12.144
12.5852
13.038
13.4908
13.932
14.3848
14.8376
15.2787
15.7199
16.1611
16.6023
17.0434
17.473
17.9026
18.3438
18.7849
19.2261
19.6557
20.0853
20.5264
20.956
21.3856
21.8268
22.2447
22.6627
23.0922
23.5218
23.9398
24.3577
24.7873
25.2169
25.6348
26.0528
26.4707
26.8887
27.3067
27.7246
28.131
28.5373
28.9553
29.3732
29.7912
30.1975
30.6039
31.0219
31.4282
31.8346
32.2409
32.6473
33.042
33.4483
33.8547
34.2494
34.6558
35.0621
35.4569
35.8516
36.2463
36.6411
37.0474
37.4306
37.8253
38.22
38.6148
39.0095
39.4043
39.799
40.1937
40.5769
40.96
41.3547
41.7379
42.121
42.5157
42.8989
43.282
43.6535
44.0483
44.4198
44.8145
45.186
45.5692
45.9523
46.3238
46.6953
47.0785
47.4616
47.8331
48.2046
48.5761
48.9477
49.3192
49.6907
50.0622
50.4221
50.782
51.1536
51.5251
51.8966
52.2681
52.628
52.9879
53.3595
53.7194
54.0793
54.4508
54.8107
55.1706
55.5189
55.8904
56.2387
56.5986
56.9585
57.3068
57.6668
58.0267
58.375
58.7349
59.0832